function p = nysscc_getPhysicsParameters_vector()
   % parameters for sensitivity calculation are needed as a vector and not as a struct as in the original code
   p(1)  = 65;
   p(2)  = 2112;
   p(3)  = 78000;
   p(4)  = p(3) + 72000*0.1;
   p(5)  = 3600/5280;
   p(6)  = 100;
   p(7)  = 10;
   p(8)  = 0.045;
   p(9)  = ( 0.24 + 0.034*(p(7)-1) ) / (100*p(7));
   p(10) = 0.367 * p(5);
   p(11) = 32.2 * p(5);
   p(12) = 1.0;
   p(13) = -3.0 / p(5);
   p(14) = ( 1.03 - (p(3) - 72000) / ( 110000 - 72000) * ( 1.03 -  0.71) ) / p(5);
   p(15) = ( 6.86 - (p(3) - 72000) / ( 110000 - 72000) * ( 6.86 -  6.05) ) / p(5);
   p(16) = (14.49 - (p(3) - 72000) / ( 110000 - 72000) * (14.49 - 13.07) ) / p(5);
   p(17) =  ( 5998.6162 + (p(3) - 72000) / ( 110000 - 72000) * ( 6118.9179 -  5998.6162) );
   p(18) =  (11440.7968 + (p(3) - 72000) / ( 110000 - 72000) * (17188.6252 - 11440.7968) );
   p(19) = (10280.0514 + (p(3) - 72000) / ( 110000 - 72000) * (15629.0954 - 10280.0514) );
   p(20) = (105.880645 + (p(3) - 72000) / ( 110000 - 72000) * (107.872258 - 105.880645) );
   p(21) = (168.931957 + (p(3) - 72000) / ( 110000 - 72000) * (245.209888 - 168.931957) );
   p(22) = (334.626716 + (p(3) - 72000) / ( 110000 - 72000) * (458.188550 - 334.626716) );
   
 
   p(23) = -0.1983670410E02;
   p(24) =  0.1952738055E03;
   p(25) =  0.2061789974E04;
   p(26) = -0.7684409308E03;
   p(27) =  0.2677869201E03;
   p(28) = -0.3159629687E02;
   p(29) = -0.1577169936E03;
   p(30) =  0.3389010339E04;
   p(31) =  0.6202054610E04;
   p(32) = -0.4608734450E04;
   p(33) =  0.2207757061E04;
   p(34) = -0.3673344160E03;
   p(35) =  0.3629738340E02;
   p(36) = -0.2115281047E03;
   p(37) =  0.7488955419E03;
   p(38) = -0.9511076467E03;
   p(39) =  0.5710015123E03;
   p(40) = -0.1221306465E03;
   p(41) =  0.4120568887E02;
   p(42) =  0.3408049202E03;
   p(43) = -0.1436283271E03;
   p(44) =  0.8108316584E02;
   p(45) = -0.5689703073E01;
   p(46) = -0.2191905731E01;
   
end